0,0
1.00,13845,
4.90,13861,
7.88,13865,
10.81,13924,
14.52,13924,
18.24,13924,
21.20,13924,
24.20,13926,
27.17,13926,
30.90,13926,
33.89,13928,
37.87,13928,
41.69,13970,
44.66,13970,
47.61,13971,
50.53,13971,
53.48,13971,
56.42,13971,
59.37,13971,
63.09,13971,
66.97,13971,
69.99,13971,
72.99,13971,
75.95,13971,
79.65,13971,
82.60,13971,
86.30,13971,
90.17,13971,
93.12,13971,
96.97,13971,
100.72,13971,
104.73,13971,
108.58,13971,
111.56,13971,
114.48,13971,
118.21,13971,
122.06,13971,
126.05,13971,
129.79,13971,
132.77,13971,
135.74,13971,
138.71,13971,
142.55,13971,
146.45,13971,
149.46,13971,
152.42,13971,
156.27,13971,
159.27,13971,
163.13,13971,
166.96,13971,
170.75,13971,
174.48,13971,
177.49,13971,
180.47,13971,
183.46,13971,
187.23,13971,
190.19,13971,
194.01,13971,
196.98,13971,
200.83,13971,
203.78,13971,
206.74,13971,
209.70,13971,
213.52,13971,
216.48,13971,
219.43,13971,
222.36,13971,
226.21,13971,
229.25,13971,
233.19,13971,
237.00,13971,
240.87,13971,
243.94,13971,
246.94,13971,
251.00,13971,
255.02,13971,
258.01,13971,
261.75,13971,
264.74,13971,
267.80,13971,
271.53,13971,
274.48,13971,
277.42,13971,
280.44,13971,
283.37,13971,
286.35,13971,
289.31,13971,
292.27,13971,
296.02,13971,
299.73,13971,
302.75,13971,
305.69,13971,
309.52,13971,
312.57,13971,
315.60,13971,
319.57,13971,
323.44,13971,
326.45,13971,
330.13,13971,
333.12,13971,
336.03,13971,
338.94,13971,
341.89,13971,
344.86,13971,
347.83,13971,
350.80,13971,
354.51,13971,
358.20,13971,
361.97,13971,
365.83,13971,
368.85,13971,
372.57,13971,
375.56,13971,
378.53,13971,
381.50,13971,
384.47,13971,
387.39,13971,
391.05,13971,
394.97,13971,
398.69,13971,
401.67,13971,
404.65,13971,
407.62,13971,
410.62,13971,
413.51,13971,
416.46,13971,
419.44,13971,
422.42,13971,
426.40,13971,
429.46,13971,
432.40,13971,
435.37,13971,
438.30,13971,
441.27,13971,
444.20,13971,
447.14,13971,
450.10,13971,
453.02,13971,
456.72,13971,
460.48,13971,
464.37,13971,
467.34,13971,
470.26,13971,
473.22,13971,
477.04,13971,
480.04,13971,
482.98,13971,
486.02,13971,
488.97,13971,
491.93,13971,
494.95,13971,
497.93,13971,
500.94,13971,
503.95,13971,
507.63,13971,
510.59,13971,
514.42,13971,
517.43,13971,
520.39,13971,
523.40,13971,
526.37,13971,
529.32,13971,
532.25,13971,
535.26,13971,
539.08,13971,
542.02,13971,
544.97,13971,
547.92,13971,
550.86,13971,
553.83,13971,
556.82,13971,
559.84,13971,
563.50,13971,
566.43,13971,
570.36,13971,
573.33,13971,
577.06,13971,
580.06,13971,
583.98,13971,
586.93,13971,
590.64,13971,
593.56,13971,
597.40,13971,
600.39,13971,
603.33,13971,
606.37,13971,
609.33,13971,
612.26,13971,
616.06,13971,
619.99,13971,
622.96,13971,
625.98,13971,
628.95,13971,
631.88,13971,
634.82,13971,
637.73,13971,
641.46,13971,
644.41,13971,
647.40,13971,
650.29,13971,
653.23,13971,
656.19,13971,
659.20,13971,
663.01,13971,
666.76,13971,
669.70,13971,
672.64,13971,
676.58,13971,
679.59,13971,
683.34,13971,
687.06,13971,
690.01,13971,
692.94,13971,
696.63,13971,
699.58,13971,
702.57,13971,
706.26,13971,
709.25,13971,
713.22,13971,
716.18,13971,
719.80,13971,
722.74,13971,
726.42,13971,
729.37,13971,
732.37,13971,
735.32,13971,
739.12,13971,
742.12,13971,
746.57,13971,
750.65,13971,
754.39,13971,
758.13,13971,
761.97,13971,
765.00,13971,
768.87,13971,
771.85,13971,
774.92,13971,
778.04,13971,
781.04,13971,
784.15,13971,
787.10,13971,
790.05,13971,
793.11,13971,
797.72,13971,
800.81,13971,
803.77,13971,
806.68,13971,
809.62,13971,
812.62,13971,
815.69,13971,
818.64,13971,
822.49,13971,
825.52,13971,
828.49,13971,
831.62,13971,
834.67,13971,
837.63,13971,
840.64,13971,
843.71,13971,
847.49,13971,
850.50,13971,
854.18,13971,
858.69,13971,
862.56,13971,
865.53,13971,
868.46,13971,
872.81,13971,
876.52,13971,
879.55,13971,
882.46,13971,
886.52,13971,
890.58,13971,
893.56,13971,
896.54,13971,
900.95,13971,
904.82,13971,
907.79,13971,
910.73,13971,
913.71,13971,
916.66,13971,
920.50,13971,
923.53,13971,
926.48,13971,
929.43,13971,
932.43,13971,
935.58,13971,
939.53,13971,
942.50,13971,
946.25,13971,
949.25,13971,
952.23,13971,
955.18,13971,
958.13,13971,
961.15,13971,
964.19,13971,
967.20,13971,
970.14,13971,
973.98,13971,
977.01,13971,
981.06,13971,
984.04,13971,
987.79,13971,
990.78,13971,
993.70,13971,
997.60,13971,
1000.61,13971,
1003.62,13971,
1006.60,13971,
1009.61,13971,
1013.96,13971,
1016.93,13971,
1019.87,13971,
1023.81,13971,
1027.51,13971,
1030.50,13971,
1034.27,13971,
1037.24,13971,
1041.06,13971,
1044.11,13971,
1047.16,13971,
1050.15,13971,
1053.30,13971,
1056.29,13971,
1059.31,13971,
1062.29,13971,
1065.35,13971,
1069.19,13971,
1072.15,13971,
1075.20,13971,
1078.26,13971,
1082.20,13971,
1086.05,13971,
1090.01,13971,
1093.02,13971,
1097.42,13971,
1100.40,13971,
1103.31,13971,
1106.24,13971,
1110.04,13971,
1113.02,13971,
1116.04,13971,
1119.80,13971,
1123.68,13971,
1128.12,13971,
1131.87,13971,
1136.00,13971,
1140.16,13971,
1143.15,13971,
1146.87,13971,
1149.83,13971,
1153.76,13971,
1156.78,13971,
1159.82,13971,
1164.22,13971,
1167.21,13971,
1170.88,13971,
1174.82,13971,
1179.20,13971,
1182.29,13971,
1185.31,13971,
1189.27,13971,
1192.29,13971,
1196.01,13971,
1198.97,13971,
1201.97,13971,
1205.77,13971,
1208.72,13971,
1211.63,13971,
1214.71,13971,
1217.65,13971,
1221.39,13971,
1224.37,13971,
1228.17,13971,
1232.11,13971,
1235.17,13971,
1238.12,13971,
1241.90,13971,
1245.62,13971,
1249.47,13971,
1252.49,13971,
1256.27,13971,
1259.27,13971,
1262.26,13971,
1266.11,13971,
1269.07,13971,
1272.88,13971,
1276.91,13971,
1279.86,13971,
1283.61,13971,
1286.63,13971,
1290.89,13971,
1293.93,13971,
1296.85,13971,
1299.78,13971,
1302.76,13971,
1306.60,13971,
1309.54,13971,
1312.52,13971,
1315.53,13971,
1319.23,13971,
1322.18,13971,
1326.01,13971,
1329.00,13971,
1331.92,13971,
1335.70,13971,
1339.50,13971,
1343.31,13971,
1346.33,13971,
1349.33,13971,
1352.37,13971,
1355.32,13971,
1359.56,13971,
1362.54,13971,
1365.49,13971,
1368.51,13971,
1371.50,13971,
1374.48,13971,
1378.71,13971,
1381.74,13971,
1384.67,13971,
1387.58,13971,
1391.26,13971,
1394.24,13971,
1397.19,13971,
1400.14,13971,
1403.20,13971,
1406.18,13971,
1409.10,13971,
1412.98,13971,
1417.38,13971,
1421.23,13971,
1424.19,13971,
1428.05,13971,
1432.11,13971,
1436.26,13971,
1439.21,13971,
1442.92,13971,
1447.29,13971,
1451.02,13971,
1453.99,13971,
1457.69,13971,
1460.71,13971,
1463.65,13971,
1467.97,13971,
1472.07,13971,
1475.83,13971,
1478.80,13971,
1481.69,13971,
1484.74,13971,
1487.67,13971,
1491.46,13971,
1494.44,13971,
1497.39,13971,
1501.22,13971,
1505.10,13971,
1509.03,13971,
1513.40,13971,
1516.47,13971,
1519.39,13971,
1522.35,13971,
1525.29,13971,
1529.09,13971,
1533.10,13971,
1536.06,13971,
1539.88,13971,
1542.85,13971,
1546.83,13971,
1549.83,13971,
1552.75,13971,
1555.69,13971,
1558.77,13971,
1561.73,13971,
1564.79,13971,
1568.72,13971,
1571.70,13971,
1574.72,13971,
1578.60,13971,
1581.60,13971,
1585.32,13971,
1588.30,13971,
1591.24,13971,
1595.05,13971,
1598.98,13971,
1601.98,13971,
1605.64,13971,
1608.68,13971,
1613.10,13971,
1616.92,13971,
1620.64,13971,
1624.47,13971,
1628.21,13971,
1632.14,13971,
1635.06,13971,
1638.98,13971,
1643.13,13971,
1646.16,13971,
1650.15,13971,
1653.18,13971,
1657.01,13971,
1660.90,13971,
1663.91,13971,
1667.85,13971,
1671.62,13971,
1674.56,13971,
1677.64,13971,
1681.38,13971,
1685.31,13971,
1688.38,13971,
1692.12,13971,
1695.10,13971,
1699.01,13971,
1701.97,13971,
1705.91,13971,
1708.89,13971,
1711.80,13971,
1715.75,13971,
1719.72,13971,
1722.80,13971,
1726.65,13971,
1729.66,13971,
1732.63,13971,
1735.62,13971,
1739.32,13971,
1743.21,13971,
1746.96,13971,
1750.08,13971,
1754.48,13971,
1757.59,13971,
1760.60,13971,
1764.24,13971,
1767.18,13971,
1771.05,13971,
1774.07,13971,
1777.02,13971,
1780.06,13971,
1783.13,13971,
1786.97,13971,
1790.74,13971,
1793.69,13971,
1796.76,13971,
1800.65,13971,
1803.69,13971,
1813.90,14218,
1853.00,14218,
1872.29,14218,
1913.75,14218,
1933.02,14218,
1952.15,14218,
1971.11,14218,
1990.57,14218,
2029.98,14218,
2049.29,14219,
2069.34,14219,
2108.69,14219,
2127.84,14219,
2148.04,14219,
2167.07,14219,
2207.37,14219,
2226.61,14219,
2265.41,14219,
2304.47,14219,
2344.10,14219,
2364.50,14219,
2384.67,14219,
2404.70,14219,
2423.80,14219,
2465.36,14219,
2505.34,14219,
2544.34,14219,
2583.32,14219,
2622.46,14219,
2642.79,14219,
2681.56,14219,
2723.87,14219,
2743.01,14219,
2785.12,14219,
2804.46,14219,
2824.73,14219,
2866.23,14219,
2906.79,14219,
2926.76,14219,
2946.95,14219,
2965.98,14219,
2985.01,14219,
3004.18,14219,
3023.72,14219,
3063.49,14219,
3082.69,14219,
3101.70,14219,
3140.51,14219,
3180.58,14219,
3199.81,14219,
3219.91,14219,
3258.75,14219,
3298.35,14219,
3339.26,14219,
3358.76,14219,
3378.14,14219,
3398.19,14219,
3417.58,14219,
3457.35,14219,
3496.99,14219,
3539.29,14219,
3559.73,14219,
3579.22,14219,
3618.77,14219,
3621.42,14236,
3623.29,14268,
3625.15,14268,
3628.79,14268,
3630.83,14268,
3632.65,14269,
3634.68,14269,
3636.56,14269,
3638.60,14269,
3640.43,14269,
3642.30,14269,
3644.14,14269,
3646.01,14269,
3648.03,14269,
3649.88,14269,
3652.03,14269,
3653.92,14269,
3655.97,14269,
3659.65,14269,
3661.48,14269,
3663.35,14269,
3666.99,14269,
3668.82,14269,
3670.64,14269,
3672.67,14269,
3674.51,14269,
3676.33,14269,
3678.17,14269,
3680.02,14269,
3681.85,14269,
3683.68,14269,
3685.53,14269,
3687.69,14269,
3689.85,14269,
3691.71,14269,
3693.57,14269,
3695.71,14269,
3697.73,14269,
3699.59,14269,
3701.41,14269,
3703.27,14269,
3705.41,14269,
3707.47,14269,
3709.57,14269,
3711.61,14269,
3713.76,14269,
3715.62,14269,
3717.45,14269,
3719.49,14269,
3723.34,14269,
3725.18,14269,
3727.03,14269,
3729.02,14269,
3730.86,14269,
3732.70,14269,
3734.55,14269,
3736.40,14269,
3738.28,14269,
3740.15,14269,
3742.26,14269,
3744.31,14269,
3746.18,14269,
3750.07,14269,
3752.12,14269,
3753.99,14269,
3755.81,14269,
3757.83,14269,
3759.67,14269,
3761.52,14269,
3763.35,14269,
3765.33,14269,
3767.21,14269,
3769.05,14269,
3771.14,14269,
3773.00,14269,
3774.85,14269,
3776.71,14269,
3778.55,14269,
3780.61,14269,
3782.44,14269,
3784.26,14269,
3786.06,14269,
3789.72,14269,
3791.56,14269,
3793.39,14269,
3795.43,14269,
3797.30,14269,
3799.08,14269,
3800.89,14269,
3802.74,14269,
3804.57,14269,
3806.44,14269,
3808.25,14269,
3810.09,14269,
3811.93,14269,
3813.78,14269,
3815.93,14269,
3817.76,14269,
3819.60,14269,
3821.43,14269,
3823.29,14269,
3826.93,14269,
3828.76,14269,
3830.78,14269,
3832.84,14269,
3834.88,14269,
3836.91,14269,
3840.56,14269,
3842.42,14269,
3846.05,14269,
3848.11,14269,
3849.99,14269,
3851.81,14269,
3853.91,14269,
3855.76,14269,
3857.58,14269,
3859.76,14269,
3863.41,14269,
3865.24,14269,
3867.27,14269,
3869.30,14269,
3871.14,14269,
3873.20,14269,
3875.06,14269,
3876.88,14269,
3878.72,14269,
3880.56,14269,
3882.42,14269,
3884.54,14269,
3886.62,14269,
3888.49,14269,
3890.32,14269,
3892.17,14269,
3894.01,14269,
3895.87,14269,
3897.68,14269,
3899.53,14269,
3901.59,14269,
3903.45,14269,
3905.31,14269,
3907.16,14269,
3909.27,14269,
3911.12,14269,
3913.08,14269,
3915.11,14269,
3917.17,14269,
3919.01,14269,
3920.82,14269,
3922.65,14269,
3924.47,14269,
3926.46,14269,
3930.14,14269,
3932.13,14269,
3933.95,14269,
3935.79,14269,
3937.66,14269,
3939.83,14269,
3941.67,14269,
3943.48,14269,
3945.59,14269,
3947.61,14269,
3949.48,14269,
3951.35,14269,
3953.16,14269,
3955.19,14269,
3957.21,14269,
3959.06,14269,
3960.87,14269,
3964.51,14269,
3966.33,14269,
3968.20,14269,
3969.98,14269,
3972.17,14269,
3974.02,14269,
3975.85,14269,
3977.69,14269,
3979.51,14269,
3981.35,14269,
3983.21,14269,
3985.02,14269,
3986.85,14269,
3988.94,14269,
3990.94,14269,
3992.77,14269,
3994.78,14269,
3996.62,14269,
3998.47,14269,
4000.31,14269,
4002.14,14269,
4003.96,14269,
4005.94,14269,
4007.96,14269,
4011.84,14269,
4013.67,14269,
4015.78,14269,
4017.64,14269,
4019.48,14269,
4021.31,14269,
4023.15,14269,
4024.96,14269,
4026.78,14269,
4028.61,14269,
4030.62,14269,
4032.45,14269,
4034.28,14269,
4036.12,14269,
4037.98,14269,
4039.84,14269,
4041.88,14269,
4043.71,14269,
4045.59,14269,
4047.66,14269,
4051.58,14269,
4053.59,14269,
4055.59,14269,
4057.41,14269,
4059.28,14269,
4061.30,14269,
4063.11,14269,
4065.30,14269,
4067.18,14269,
4069.18,14269,
4071.01,14269,
4073.16,14269,
4075.00,14269,
4077.03,14269,
4079.06,14269,
4080.94,14269,
4082.81,14269,
4084.65,14269,
4086.47,14269,
4090.28,14269,
4092.12,14269,
4094.21,14269,
4096.09,14269,
4098.09,14269,
4099.94,14269,
4101.78,14269,
4103.56,14269,
4105.42,14269,
4109.09,14269,
4112.91,14269,
4114.77,14269,
4116.60,14269,
4122.02,14269,
4123.84,14269,
4125.99,14269,
4127.83,14269,
4129.69,14269,
4131.85,14269,
4133.89,14269,
4137.59,14269,
4139.45,14269,
4141.49,14269,
4143.35,14269,
4147.00,14269,
4149.08,14269,
4150.93,14269,
4152.79,14269,
4154.63,14269,
4156.50,14269,
4158.37,14269,
4160.18,14269,
4162.23,14269,
4164.21,14269,
4166.04,14269,
4167.87,14269,
4169.71,14269,
4171.55,14269,
4175.23,14269,
4177.07,14269,
4179.06,14269,
4180.90,14269,
4182.75,14269,
4184.75,14269,
4186.60,14269,
4188.48,14269,
4190.31,14269,
4192.19,14269,
4194.02,14269,
4197.87,14269,
4199.98,14269,
4201.87,14269,
4204.03,14269,
4205.88,14269,
4207.72,14269,
4209.59,14269,
4211.46,14269,
4213.29,14269,
4215.12,14269,
4218.77,14269,
4220.62,14269,
4222.51,14269,
4224.32,14269,
4226.18,14269,
4229.83,14269,
4231.65,14269,
4233.47,14269,
4235.30,14269,
4237.30,14269,
4239.14,14269,
4242.79,14269,
4244.93,14269,
4248.74,14269,
4250.58,14269,
4252.62,14269,
4256.27,14269,
4258.29,14269,
4260.14,14269,
4262.01,14269,
4263.90,14269,
4265.94,14269,
4267.94,14269,
4269.83,14269,
4271.69,14269,
4273.54,14269,
4275.37,14269,
4277.48,14269,
4281.28,14269,
4283.40,14269,
4285.56,14269,
4287.61,14269,
4289.48,14269,
4291.34,14269,
4295.32,14269,
4297.29,14269,
4299.16,14269,
4301.01,14269,
4302.84,14269,
4304.92,14269,
4306.74,14269,
4308.57,14269,
4310.62,14269,
4312.48,14269,
4314.37,14269,
4316.22,14269,
4318.09,14269,
4319.92,14269,
4321.76,14269,
4323.58,14269,
4325.43,14269,
4327.42,14269,
4329.29,14269,
4331.12,14269,
4333.13,14269,
4335.18,14269,
4337.02,14269,
4339.05,14269,
4341.06,14269,
4342.92,14269,
4344.99,14269,
4346.83,14269,
4348.67,14269,
4350.70,14269,
4352.54,14269,
4354.38,14269,
4356.51,14269,
4358.35,14269,
4360.41,14269,
4362.25,14269,
4364.04,14269,
4365.87,14269,
4367.97,14269,
4371.62,14269,
4373.47,14269,
4375.56,14269,
4377.41,14269,
4379.26,14269,
4381.09,14269,
4382.89,14269,
4384.90,14269,
4386.99,14269,
4388.81,14269,
4390.69,14269,
4392.67,14269,
4394.49,14269,
4396.29,14269,
4398.13,14269,
4399.96,14269,
4401.81,14269,
4403.86,14269,
4405.71,14269,
4407.59,14269,
4409.61,14269,
4411.43,14269,
4413.54,14269,
4415.41,14269,
4417.24,14269,
4419.05,14269,
4420.86,14269,
4422.73,14269,
4424.55,14269,
4428.33,14269,
4430.16,14269,
4432.19,14269,
4434.05,14269,
4435.90,14269,
4437.72,14269,
4439.76,14269,
4441.85,14269,
4443.98,14269,
4445.82,14269,
4447.66,14269,
4449.49,14269,
4451.59,14269,
4453.60,14269,
4455.44,14269,
4457.31,14269,
4459.44,14269,
4461.31,14269,
4464.95,14269,
4467.10,14269,
4468.97,14269,
4472.57,14269,
4474.72,14269,
4476.60,14269,
4478.46,14269,
4480.27,14269,
4482.09,14269,
4484.12,14269,
4486.14,14269,
4487.99,14269,
4491.82,14269,
4497.28,14269,
4499.27,14269,
4501.13,14269,
4506.82,14269,
4508.88,14269,
4510.96,14269,
4514.62,14269,
4516.49,14269,
4518.51,14269,
4520.36,14269,
4522.20,14269,
4524.04,14269,
4525.90,14269,
4527.74,14269,
4529.55,14269,
4531.39,14269,
4533.42,14269,
4535.59,14269,
4537.43,14269,
4539.45,14269,
4541.57,14269,
4543.43,14269,
4545.50,14269,
4547.37,14269,
4549.22,14269,
4551.05,14269,
4552.89,14269,
4555.02,14269,
4557.06,14269,
4559.13,14269,
4561.20,14269,
4563.09,14269,
4565.15,14269,
4567.26,14269,
4569.11,14269,
4570.95,14269,
4572.82,14269,
4574.97,14269,
4576.85,14269,
4578.99,14269,
4581.02,14269,
4583.07,14269,
4584.93,14269,
4587.01,14269,
4589.04,14269,
4590.88,14269,
4592.89,14269,
4596.57,14269,
4598.58,14269,
4600.42,14269,
4602.27,14269,
4604.11,14269,
4606.19,14269,
4608.05,14269,
4609.91,14269,
4613.69,14269,
4615.53,14269,
4617.68,14269,
4619.52,14269,
4621.51,14269,
4623.55,14269,
4625.40,14269,
4627.39,14269,
4629.41,14269,
4631.39,14269,
4633.23,14269,
4635.05,14269,
4637.09,14269,
4638.93,14269,
4640.77,14269,
4642.61,14269,
4644.43,14269,
4646.45,14269,
4648.31,14269,
4650.11,14269,
4651.95,14269,
4654.02,14269,
4655.87,14269,
4657.70,14269,
4659.54,14269,
4661.37,14269,
4663.42,14269,
4668.87,14269,
4670.85,14269,
4672.94,14269,
4676.58,14269,
4678.42,14269,
4680.26,14269,
4682.11,14269,
4684.24,14269,
4686.07,14269,
4687.88,14269,
4689.72,14269,
4691.55,14269,
4693.40,14269,
4695.23,14269,
4699.04,14269,
4700.90,14269,
4702.77,14269,
4704.76,14269,
4706.76,14269,
4708.73,14269,
4710.60,14269,
4712.44,14269,
4714.32,14269,
4716.21,14269,
4718.05,14269,
4720.04,14269,
4722.14,14269,
4723.97,14269,
4725.79,14269,
4727.65,14269,
4729.47,14269,
4731.46,14269,
4733.52,14269,
4735.36,14269,
4737.20,14269,
4739.05,14269,
4740.88,14269,
4742.72,14269,
4744.59,14269,
4746.61,14269,
4748.45,14269,
4750.30,14269,
4752.35,14269,
4755.98,14269,
4757.81,14269,
4759.66,14269,
4761.50,14269,
4763.37,14269,
4765.38,14269,
4767.21,14269,
4769.05,14269,
4770.87,14269,
4772.93,14269,
4774.80,14269,
4776.65,14269,
4778.50,14269,
4783.96,14269,
4785.78,14269,
4787.61,14269,
4789.78,14269,
4791.62,14269,
4793.46,14269,
4795.30,14269,
4797.14,14269,
4798.98,14269,
4801.05,14269,
4802.95,14269,
4804.96,14269,
4807.01,14269,
4808.89,14269,
4810.90,14269,
4812.76,14269,
4814.78,14269,
4816.77,14269,
4818.62,14269,
4822.27,14269,
4827.75,14269,
4829.78,14269,
4831.59,14269,
4833.44,14269,
4835.30,14269,
4837.12,14269,
4838.97,14269,
4840.80,14269,
4842.65,14269,
4844.50,14269,
4846.36,14269,
4848.19,14269,
4850.21,14269,
4852.05,14269,
4853.88,14269,
4855.73,14269,
4857.59,14269,
4859.40,14269,
4861.25,14269,
4863.24,14269,
4865.08,14269,
4870.56,14269,
4872.45,14269,
4874.33,14269,
4876.15,14269,
4877.97,14269,
4880.00,14269,
4881.85,14269,
4883.69,14269,
4885.54,14269,
4887.39,14269,
4891.22,14269,
4893.07,14269,
4894.91,14269,
4896.77,14269,
4898.68,14269,
4900.53,14269,
4902.57,14269,
4904.41,14269,
4906.41,14269,
4908.23,14269,
4910.05,14269,
4911.89,14269,
4913.92,14269,
4916.01,14269,
4917.89,14269,
4919.72,14269,
4921.55,14269,
4923.65,14269,
4927.60,14269,
4931.53,14269,
4933.59,14269,
4935.43,14269,
4937.25,14269,
4939.09,14269,
4941.19,14269,
4943.03,14269,
4945.03,14269,
4947.05,14269,
4948.91,14269,
4950.75,14269,
4952.57,14269,
4954.42,14269,
4956.25,14269,
4958.06,14269,
4959.91,14269,
4961.73,14269,
4963.59,14269,
4967.29,14269,
4969.10,14269,
4970.94,14269,
4972.77,14269,
4974.60,14269,
4976.42,14269,
4978.27,14269,
4980.30,14269,
4982.32,14269,
4984.44,14269,
4986.28,14269,
4989.88,14269,
4991.68,14269,
4993.66,14269,
4995.52,14269,
4997.33,14269,
4999.32,14269,
5001.18,14269,
5003.03,14269,
5005.08,14269,
5007.27,14269,
5009.13,14269,
5010.97,14269,
5012.78,14269,
5014.62,14269,
5016.42,14269,
5018.46,14269,
5020.29,14269,
5022.10,14269,
5024.20,14269,
5026.04,14269,
5028.03,14269,
5032.05,14269,
5033.89,14269,
5035.91,14269,
5037.79,14269,
5039.81,14269,
5041.86,14269,
5043.76,14269,
5045.64,14269,
5047.66,14269,
5049.65,14269,
5051.66,14269,
5053.52,14269,
5055.34,14269,
5057.37,14269,
5059.37,14269,
5061.40,14269,
5063.27,14269,
5065.07,14269,
5066.88,14269,
5068.69,14269,
5070.50,14269,
5072.34,14269,
5074.17,14269,
5076.20,14269,
5079.85,14269,
5081.72,14269,
5083.54,14269,
5085.38,14269,
5087.24,14269,
5089.32,14269,
5091.32,14269,
5093.12,14269,
5094.97,14269,
5096.80,14269,
5098.79,14269,
5100.67,14269,
5102.50,14269,
5104.55,14269,
5106.39,14269,
5108.22,14269,
5110.33,14269,
5112.14,14269,
5114.17,14269,
5116.20,14269,
5118.22,14269,
5120.07,14269,
5122.05,14269,
5123.89,14269,
5125.69,14269,
5127.53,14269,
5129.37,14269,
5131.21,14269,
5133.01,14269,
5134.85,14269,
5136.83,14269,
5138.68,14269,
5140.50,14269,
5142.39,14269,
5144.47,14269,
5146.32,14269,
5148.13,14269,
5149.97,14269,
5151.79,14269,
5153.65,14269,
5155.49,14269,
5159.35,14269,
5161.41,14269,
5163.26,14269,
5167.17,14269,
5169.22,14269,
5171.06,14269,
5172.89,14269,
5174.70,14269,
5176.72,14269,
5178.57,14269,
5180.40,14269,
5182.26,14269,
5186.13,14269,
5188.02,14269,
5189.82,14269,
5191.81,14269,
5193.65,14269,
5195.69,14269,
5197.73,14269,
5199.57,14269,
5201.39,14269,
5203.22,14269,
5205.21,14269,
5208.86,14269,
5210.97,14269,
5213.09,14269,
5214.91,14269,
5216.75,14269,
5218.58,14269,
5220.46,14269,
5222.29,14269,
5224.25,14269,
5226.14,14269,
5227.97,14269,
5229.81,14269,
5231.66,14269,
5233.49,14269,
5235.50,14269,
5237.65,14269,
5239.73,14269,
5241.78,14269,
5243.62,14269,
5245.47,14269,
5247.28,14269,
5249.12,14269,
5250.94,14269,
5253.08,14269,
5254.94,14269,
5258.60,14269,
5260.42,14269,
5262.44,14269,
5264.49,14269,
5266.63,14269,
5268.67,14269,
5270.55,14269,
5272.39,14269,
5274.26,14269,
5276.33,14269,
5278.18,14269,
5280.06,14269,
5282.09,14269,
5283.93,14269,
5285.80,14269,
5287.63,14269,
5289.66,14269,
5291.78,14269,
5293.62,14269,
5295.62,14269,
5297.64,14269,
5299.47,14269,
5303.09,14269,
5305.24,14269,
5307.36,14269,
5309.22,14269,
5311.32,14269,
5313.19,14269,
5315.08,14269,
5316.90,14269,
5318.75,14269,
5320.58,14269,
5322.63,14269,
5326.24,14269,
5328.08,14269,
5329.89,14269,
5331.74,14269,
5333.62,14269,
5335.47,14269,
5337.36,14269,
5339.19,14269,
5341.03,14269,
5342.88,14269,
5344.74,14269,
5346.58,14269,
5348.45,14269,
5350.56,14269,
5352.39,14269,
5354.24,14269,
5356.10,14269,
5358.16,14269,
5360.01,14269,
5361.88,14269,
5363.86,14269,
5365.85,14269,
5367.70,14269,
5369.55,14269,
5371.37,14269,
5373.21,14269,
5375.03,14269,
5377.04,14269,
5379.09,14269,
5382.77,14269,
5384.60,14269,
5386.43,14269,
5390.41,14269,
5392.46,14269,
5394.49,14269,
5396.31,14269,
5398.15,14269,
5399.98,14269,
5402.05,14269,
5404.06,14269,
5405.91,14269,
5409.85,14269,
5411.70,14269,
5413.52,14269,
5415.58,14269,
5417.42,14269,
5419.23,14269,
5421.06,14269,
5422.88,14269,
5425.01,14271,
5426.78,14271,
5428.76,14271,
5430.58,14271,
5432.54,14271,
5434.38,14271,
5436.19,14271,
5438.03,14271,
5440.01,14271,
5441.97,14271,
5443.78,14271,
5445.71,14271,
5447.52,14271,
5449.47,14271,
5451.51,14271,
5453.52,14271,
5455.30,14271,
5457.09,14271,
5458.88,14271,
5460.69,14271,
5462.50,14271,
5464.30,14271,
5466.13,14271,
5467.93,14271,
5471.57,14271,
5473.58,14271,
5477.16,14271,
5479.02,14271,
5482.59,14271,
5484.42,14271,
5486.20,14271,
5488.02,14271,
5489.82,14271,
5491.78,14271,
5493.76,14271,
5495.57,14271,
5497.40,14271,
5499.35,14271,
5501.16,14271,
5502.98,14271,
5504.96,14271,
5506.81,14271,
5508.83,14271,
5510.64,14271,
5514.22,14271,
5516.04,14271,
5517.85,14271,
5519.62,14287,
5521.43,14287,
5523.46,14287,
5525.27,14287,
5527.24,14287,
5529.06,14287,
5531.07,14287,
5533.06,14287,
5534.88,14287,
5536.80,14287,
5538.62,14287,
5540.58,14287,
5542.44,14287,
5546.02,14287,
5547.82,14287,
5549.62,14287,
5551.43,14287,
5553.23,14287,
5555.21,14287,
5557.24,14287,
5559.00,14287,
5560.78,14287,
5562.75,14287,
5564.76,14287,
5566.56,14287,
5570.15,14287,
5571.94,14287,
5575.50,14287,
5577.45,14287,
5579.27,14287,
5581.21,14287,
5583.03,14287,
5584.84,14287,
5586.65,14287,
5588.45,14287,
5590.26,14287,
5592.18,14287,
5594.16,14287,
5595.96,14287,
5597.76,14287,
5599.60,14287,
5601.42,14287,
5603.23,14287,
5605.00,14287,
5606.98,14287,
5608.76,14287,
5610.70,14287,
5612.49,14287,
5614.43,14287,
5616.24,14287,
5618.08,14287,
5619.91,14287,
5621.76,14287,
5623.61,14287,
5625.59,14287,
5631.02,14287,
5632.87,14287,
5634.65,14287,
5636.64,14287,
5638.45,14287,
5640.43,14287,
5642.23,14287,
5644.06,14287,
5646.02,14287,
5647.86,14287,
5649.81,14287,
5651.63,14287,
5653.41,14287,
5655.41,14287,
5657.19,14287,
5659.00,14287,
5661.00,14287,
5662.80,14287,
5664.74,14287,
5670.12,14287,
5673.70,14287,
5675.50,14287,
5677.27,14287,
5679.23,14287,
5681.21,14287,
5683.17,14287,
5684.99,14287,
5686.77,14287,
5688.70,14287,
5690.50,14287,
5692.49,14287,
5694.33,14287,
5696.13,14287,
5698.10,14287,
5699.96,14287,
5701.75,14287,
5703.53,14287,
5705.32,14287,
5707.31,14287,
5709.30,14287,
5711.10,14287,
5713.07,14287,
5714.91,14287,
5716.68,14287,
5718.51,14287,
5720.33,14287,
5722.24,14287,
5724.03,14287,
5725.87,14287,
5729.46,14287,
5731.30,14287,
5733.27,14287,
5735.07,14287,
5736.89,14287,
5738.88,14287,
5740.88,14287,
5742.70,14287,
5744.68,14287,
5746.44,14287,
5748.38,14287,
5750.22,14287,
5752.17,14287,
5754.13,14287,
5755.97,14287,
5757.92,14287,
5759.74,14287,
5761.54,14287,
5763.34,14287,
5765.29,14287,
5767.24,14287,
5769.08,14287,
5770.92,14287,
5772.95,14287,
5774.78,14287,
5776.58,14287,
5778.53,14287,
5780.34,14287,
5782.14,14287,
5783.90,14287,
5785.95,14287,
5787.76,14287,
5789.72,14287,
5791.54,14287,
5793.31,14287,
5795.10,14287,
5796.95,14287,
5798.93,14287,
5800.75,14287,
5802.52,14287,
5804.44,14287,
5806.42,14287,
5808.21,14287,
5809.98,14287,
5811.75,14287,
5815.52,14287,
5817.49,14287,
5819.47,14287,
5821.24,14287,
5823.20,14287,
5825.00,14287,
5826.79,14287,
5828.60,14287,
5830.38,14287,
5832.15,14287,
5837.50,14287,
5839.28,14287,
5841.24,14287,
5843.22,14287,
5845.00,14287,
5846.81,14287,
5848.60,14287,
5850.43,14287,
5852.23,14287,
5854.02,14287,
5855.81,14287,
5857.79,14287,
5861.41,14287,
5863.25,14287,
5865.06,14287,
5866.92,14287,
5868.74,14287,
5870.75,14287,
5872.54,14287,
5874.34,14287,
5877.93,14287,
5879.87,14287,
5881.81,14287,
5883.61,14287,
5885.42,14287,
5887.27,14287,
5889.10,14287,
5890.93,14287,
5894.47,14287,
5896.27,14287,
5898.11,14287,
5899.93,14287,
5901.77,14287,
5903.57,14287,
5905.53,14287,
5907.31,14287,
5909.27,14287,
5911.28,14287,
5913.07,14287,
5914.91,14287,
5916.87,14287,
5918.67,14287,
5920.61,14287,
5922.40,14287,
5924.35,14287,
5926.18,14287,
5927.99,14287,
5929.81,14287,
5931.62,14287,
5933.43,14287,
5937.16,14287,
5939.14,14287,
5940.95,14287,
5942.69,14287,
5944.49,14287,
5946.46,14287,
5948.32,14287,
5950.30,14287,
5952.28,14287,
5954.07,14287,
5955.87,14287,
5959.45,14287,
5961.28,14287,
5963.21,14287,
5964.99,14287,
5968.58,14287,
5970.44,14287,
5972.24,14287,
5974.26,14287,
5976.05,14287,
5977.98,14287,
5979.80,14287,
5981.58,14287,
5983.39,14287,
5985.18,14287,
5987.02,14287,
5988.82,14287,
5990.77,14287,
5992.70,14287,
5994.71,14287,
5996.49,14287,
5998.30,14287,
6000.26,14287,
6002.04,14287,
6004.06,14287,
6006.01,14287,
6008.01,14287,
6009.99,14287,
6011.94,14287,
6015.56,14287,
6019.12,14287,
6021.08,14287,
6022.89,14287,
6024.70,14287,
6026.53,14287,
6028.50,14287,
6030.34,14287,
6032.30,14287,
6034.23,14287,
6036.07,14287,
6037.91,14287,
6039.69,14287,
6043.47,14287,
6045.44,14287,
6047.23,14287,
6049.03,14287,
6050.99,14287,
6052.80,14287,
6054.60,14287,
6056.60,14287,
6058.58,14287,
6060.40,14287,
6064.24,14287,
6066.03,14287,
6068.03,14287,
6069.99,14287,
6071.76,14287,
6073.78,14287,
6075.76,14287,
6077.76,14287,
6079.57,14287,
6081.41,14287,
6085.02,14287,
6087.03,14287,
6088.88,14287,
6090.69,14287,
6092.47,14287,
6094.43,14287,
6096.37,14287,
6098.37,14287,
6100.16,14287,
6101.97,14287,
6103.96,14287,
6105.90,14287,
6107.89,14287,
6109.85,14287,
6111.86,14287,
6113.83,14287,
6115.64,14287,
6117.66,14287,
6119.61,14287,
6121.40,14287,
6123.20,14287,
6125.11,14287,
6127.08,14287,
6129.03,14287,
6130.87,14287,
6132.92,14287,
6134.73,14287,
6136.55,14287,
6138.53,14287,
6140.50,14287,
6142.32,14287,
6144.29,14287,
6146.25,14287,
6148.04,14287,
6149.85,14287,
6151.65,14287,
6153.46,14287,
6155.25,14287,
6157.09,14287,
6159.03,14287,
6160.82,14287,
6162.82,14287,
6164.66,14287,
6166.47,14287,
6168.25,14287,
6170.07,14287,
6172.04,14287,
6173.85,14287,
6175.64,14287,
6177.60,14287,
6179.42,14287,
6181.22,14287,
6183.02,14287,
6184.85,14287,
6186.70,14287,
6188.53,14287,
6192.09,14287,
6193.92,14287,
6195.75,14287,
6197.73,14287,
6199.66,14287,
6201.46,14287,
6203.27,14287,
6205.07,14287,
6207.11,14287,
6208.97,14287,
6210.82,14287,
6212.61,14287,
6214.57,14287,
6216.54,14287,
6218.46,14287,
6220.41,14287,
6222.36,14287,
6224.32,14287,
6226.26,14287,
6228.22,14287,
6230.03,14287,
6231.84,14287,
6235.46,14287,
6239.07,14287,
6242.84,14287,
6244.70,14287,
6246.66,14287,
6248.66,14287,
6252.24,14287,
6254.00,14287,
6255.98,14287,
6257.77,14287,
6259.55,14287,
6261.52,14287,
6263.34,14287,
6265.28,14287,
6267.25,14287,
6269.12,14287,
6271.08,14287,
6273.05,14287,
6274.84,14287,
6276.84,14287,
6278.78,14287,
6280.74,14287,
6282.54,14287,
6284.50,14287,
6286.30,14287,
6288.27,14287,
6290.08,14287,
6291.86,14287,
6293.74,14287,
6295.56,14287,
6297.36,14287,
6301.16,14287,
6302.99,14287,
6304.82,14287,
6306.66,14287,
6308.49,14287,
6310.30,14287,
6312.14,14287,
6314.10,14287,
6317.84,14287,
6319.66,14287,
6321.66,14287,
6323.45,14287,
6327.00,14287,
6328.99,14287,
6331.03,14287,
6332.86,14287,
6334.89,14287,
6336.85,14287,
6338.65,14287,
6340.65,14287,
6342.59,14287,
6344.38,14287,
6346.21,14287,
6348.04,14287,
6349.87,14287,
6351.67,14287,
6353.50,14287,
6355.32,14287,
6357.15,14287,
6358.99,14287,
6360.80,14287,
6362.78,14287,
6364.59,14287,
6366.55,14287,
6368.39,14287,
6370.24,14287,
6372.08,14287,
6373.91,14287,
6375.89,14287,
6377.85,14287,
6379.87,14287,
6381.66,14287,
6383.46,14287,
6385.31,14287,
6387.25,14287,
6389.24,14287,
6391.23,14287,
6393.21,14287,
6396.93,14287,
6398.94,14287,
6400.77,14287,
6402.60,14287,
6404.41,14287,
6406.43,14287,
6408.40,14287,
6410.24,14287,
6412.22,14287,
6414.00,14287,
6417.54,14287,
6419.33,14287,
6421.11,14287,
6430.20,14287,
6431.98,14287,
6433.92,14287,
6435.77,14287,
6437.72,14287,
6439.51,14287,
6441.34,14287,
6443.36,14287,
6445.20,14287,
6447.25,14287,
6449.23,14287,
6451.04,14287,
6453.04,14287,
6454.87,14287,
6456.87,14287,
6458.66,14287,
6460.64,14287,
6462.38,14287,
6464.15,14287,
6467.82,14287,
6469.65,14287,
6471.62,14287,
6475.18,14287,
6480.51,14287,
6482.32,14287,
6484.30,14287,
6486.07,14287,
6489.66,14287,
6491.48,14287,
6493.28,14287,
6495.10,14287,
6497.08,14287,
6498.91,14287,
6500.72,14287,
6504.31,14287,
6506.16,14287,
6508.16,14287,
6510.00,14287,
6511.85,14287,
6513.67,14287,
6515.49,14287,
6517.34,14287,
6519.15,14287,
6520.95,14287,
6524.70,14287,
6526.73,14287,
6528.55,14287,
6530.35,14287,
6533.91,14287,
6535.72,14287,
6539.50,14287,
6541.49,14287,
6543.53,14287,
6545.36,14287,
6547.16,14287,
6548.97,14287,
6550.90,14287,
6552.73,14287,
6554.52,14287,
6556.44,14287,
6558.40,14287,
6560.34,14287,
6564.06,14287,
6565.88,14287,
6567.71,14287,
6569.52,14287,
6571.52,14287,
6573.55,14287,
6575.40,14287,
6577.23,14287,
6579.27,14287,
6581.08,14287,
6582.89,14287,
6584.69,14287,
6586.52,14287,
6588.31,14287,
6591.89,14287,
6593.72,14287,
6595.72,14287,
6597.72,14287,
6599.53,14287,
6601.31,14287,
6603.14,14287,
6604.95,14287,
6606.91,14287,
6608.89,14287,
6610.69,14287,
6612.46,14287,
6614.27,14287,
6616.25,14287,
6618.26,14287,
6620.09,14287,
6621.90,14287,
6623.72,14287,
6625.52,14287,
6627.31,14287,
6629.09,14287,
6630.89,14287,
6634.50,14287,
6636.32,14287,
6638.29,14287,
6640.11,14287,
6642.06,14287,
6643.88,14287,
6645.71,14287,
6647.49,14287,
6649.29,14287,
6651.27,14287,
6653.09,14287,
6654.91,14287,
6656.91,14287,
6658.83,14287,
6660.79,14287,
6662.85,14287,
6664.80,14287,
6666.61,14287,
6670.36,14287,
6672.16,14287,
6674.11,14287,
6675.96,14287,
6677.95,14287,
6679.77,14287,
6681.56,14287,
6683.53,14287,
6685.32,14287,
6687.30,14287,
6689.10,14287,
6692.69,14287,
6694.48,14287,
6696.28,14287,
6698.08,14287,
6700.03,14287,
6701.88,14287,
6703.89,14287,
6705.70,14287,
6707.49,14287,
6709.48,14287,
6711.43,14287,
6713.23,14287,
6715.23,14287,
6717.03,14287,
6718.98,14287,
6720.79,14287,
6722.75,14287,
6724.70,14287,
6726.51,14287,
6728.31,14287,
6730.12,14287,
6731.93,14287,
6733.73,14287,
6735.70,14287,
6737.50,14287,
6739.42,14287,
6741.25,14287,
6743.22,14287,
6745.23,14287,
6747.21,14287,
6749.24,14287,
6751.20,14287,
6753.00,14287,
6754.82,14287,
6756.64,14287,
6758.48,14287,
6760.29,14287,
6763.89,14287,
6765.70,14287,
6767.52,14287,
6769.36,14287,
6771.17,14287,
6772.99,14287,
6774.75,14287,
6776.55,14287,
6778.48,14287,
6780.31,14287,
6782.28,14287,
6784.07,14287,
6789.56,14287,
6791.36,14287,
6793.35,14287,
6795.32,14287,
6797.13,14287,
6798.92,14287,
6800.72,14287,
6804.45,14287,
6806.27,14287,
6808.22,14287,
6810.21,14287,
6812.21,14287,
6814.01,14287,
6815.83,14287,
6817.61,14287,
6819.45,14287,
6821.29,14287,
6823.27,14287,
6825.28,14287,
6827.09,14287,
6828.87,14287,
6830.87,14287,
6832.83,14287,
6834.64,14287,
6836.46,14287,
6838.27,14287,
6840.07,14287,
6842.05,14287,
6844.07,14287,
6845.91,14287,
6847.88,14287,
6849.69,14287,
6851.61,14287,
6855.19,14287,
6857.11,14287,
6858.93,14287,
6860.94,14287,
6862.73,14287,
6864.54,14287,
6866.50,14287,
6868.33,14287,
6871.99,14287,
6873.79,14287,
6875.59,14287,
6877.55,14287,
6879.35,14287,
6881.29,14287,
6883.27,14287,
6888.65,14287,
6890.45,14287,
6892.42,14287,
6894.27,14287,
6896.08,14287,
6897.93,14287,
6899.75,14287,
6901.57,14287,
6903.55,14287,
6905.51,14287,
6907.45,14287,
6909.40,14287,
6911.23,14287,
6913.05,14287,
6914.85,14287,
6916.67,14287,
6918.49,14287,
6920.29,14287,
6922.27,14287,
6924.25,14287,
6926.09,14287,
6933.26,14287,
6935.04,14287,
6936.89,14287,
6938.80,14287,
6940.65,14287,
6942.44,14287,
6944.38,14287,
6948.08,14287,
6950.06,14287,
6951.88,14287,
6955.68,14287,
6957.63,14287,
6959.49,14287,
6961.33,14287,
6964.93,14287,
6966.72,14287,
6968.51,14287,
6970.32,14287,
6972.13,14287,
6974.16,14287,
6975.96,14287,
6977.92,14287,
6979.88,14287,
6981.68,14287,
6983.49,14287,
6985.33,14287,
6987.12,14287,
6989.09,14287,
6991.06,14287,
6994.66,14287,
6996.66,14287,
6998.48,14287,
7000.29,14287,
7002.14,14287,
7003.93,14287,
7005.71,14287,
7007.55,14287,
7009.37,14287,
7011.19,14287,
7014.78,14287,
7016.76,14287,
7018.73,14287,
7022.47,14287,
7024.27,14287,
7026.06,14287,
7028.01,14287,
7029.84,14287,
7031.64,14287,
7033.47,14287,
7035.28,14287,
7037.09,14287,
7039.04,14287,
7040.87,14287,
7042.86,14287,
7044.84,14287,
7046.63,14287,
7048.59,14287,
7050.41,14287,
7052.37,14287,
7054.17,14287,
7055.97,14287,
7057.91,14287,
7059.72,14287,
7063.27,14287,
7065.05,14287,
7066.97,14287,
7068.78,14287,
7070.74,14287,
7072.57,14287,
7074.36,14287,
7076.16,14287,
7078.17,14287,
7080.11,14287,
7082.08,14287,
7083.89,14287,
7085.68,14287,
7087.48,14287,
7089.29,14287,
7091.13,14287,
7094.80,14287,
7096.59,14287,
7098.58,14287,
7100.38,14287,
7102.15,14287,
7104.09,14287,
7105.87,14287,
7107.86,14287,
7111.66,14287,
7113.63,14287,
7115.62,14287,
7117.46,14287,
7119.47,14287,
7121.44,14287,
7123.26,14287,
7125.20,14287,
7126.98,14287,
7128.97,14287,
7130.93,14287,
7132.72,14287,
7134.53,14287,
7136.47,14287,
7138.26,14287,
7140.07,14287,
7141.89,14287,
7143.82,14287,
7145.62,14287,
7147.41,14287,
7149.25,14287,
7154.82,14287,
7156.65,14287,
7158.48,14287,
7160.27,14287,
7162.08,14287,
7165.65,14287,
7167.45,14287,
7169.48,14287,
7171.33,14287,
7173.32,14287,
7175.32,14287,
7177.16,14287,
7178.98,14287,
7180.79,14287,
7182.58,14287,
7184.56,14287,
7186.40,14287,
7190.00,14287,
7193.79,14287,
7195.83,14287,
7197.69,14287,
7199.51,14287,
7201.33,14287,
7203.32,14287,
7205.30,14287,
7208.88,14287,
7210.68,14287,
7212.48,14287,
7214.33,14287,
7216.13,14287,
7217.96,14287,
7219.80,14287,
7221.75,14287,
7223.78,14287,
7225.61,14287,
7231.88,14287,
7291.38,14287,
7351.83,14287,
7379.57,14287,
7439.72,14287,
7468.05,14287,
7495.80,14287,
7524.82,14287,
7586.21,14287,
7614.35,14287,
7643.61,14287,
7673.05,14287,
7732.48,14287,
7791.61,14287,
7850.94,14287,
7914.93,14313,
7944.13,14313,
7973.06,14313,
8032.35,14313,
8059.74,14313,
8087.11,14313,
8116.01,14313,
8180.22,14313,
8207.91,14313,
8235.15,14313,
8262.44,14313,
8326.61,14313,
8354.03,14313,
8383.01,14313,
8410.29,14313,
8470.37,14313,
8498.16,14313,
8557.43,14313,
8584.94,14313,
8644.28,14313,
8671.84,14313,
8735.76,14313,
8763.45,14313,
8790.84,14313,
8818.31,14313,
8881.42,14313,
8910.32,14313,
8937.56,14313,
8996.23,14313,
9023.83,14313,
9051.37,14313,
9057.81,14317,
9292.14,14317,
9525.98,14317,
9760.45,14317,
9853.30,14317,
9952.88,14317,
10191.47,14317,
10427.27,14317,
10666.79,14317,
10760.01,14317,
10994.04,14317,
11000.25,14386,
11019.67,14386,
11030.47,14386,
11041.08,14386,
11052.27,14386,
11063.43,14386,
11083.38,14386,
11104.72,14386,
11125.03,14386,
11144.52,14386,
11155.82,14386,
11175.71,14386,
11186.55,14386,
11197.18,14386,
11207.73,14599,
11218.37,14599,
11229.46,14599,
11250.78,14599,
11261.56,14599,
11272.67,14599,
11283.79,14599,
11304.54,14599,
11324.23,14599,
11345.39,14599,
11356.51,14599,
11376.42,14599,
11396.40,14599,
11407.39,14599,
11418.53,14599,
11429.08,14599,
11439.70,14599,
11450.38,14599,
11470.33,14599,
11490.37,14599,
11501.12,14599,
11520.96,14599,
11531.72,14599,
11551.01,14599,
11571.54,14599,
11582.89,14599,
11593.53,14599,
11612.95,14599,
11624.26,14599,
11644.21,14599,
11664.52,14599,
11684.41,14599,
11695.20,14599,
11705.80,14599,
11725.77,14599,
11736.46,14599,
11747.58,14599,
11767.63,14599,
11778.88,14599,
11798.25,14599,
11819.59,14599,
11839.86,14599,
11850.59,14599,
11861.23,14599,
11872.36,14599,
11883.22,14599,
11893.79,14599,
11913.70,14599,
11924.47,14599,
11944.33,14599,
11955.04,14599,
11966.22,14599,
11985.96,14599,
12007.01,14599,
12018.00,14599,
12029.25,14599,
12039.92,14599,
12050.68,14599,
12061.24,14599,
12071.95,14599,
12092.01,14599,
12103.32,14599,
12114.37,14599,
12134.36,14599,
12145.66,14599,
12165.47,14599,
12176.77,14599,
12187.32,14599,
12197.97,14599,
12208.66,14599,
12219.29,14599,
12229.88,14599,
12240.85,14599,
12251.42,14599,
12262.10,14599,
12283.36,14599,
12304.75,14599,
12315.55,14599,
12326.18,14599,
12336.84,14599,
12356.07,14599,
12366.87,14599,
12377.56,14599,
12388.16,14599,
12398.76,14599,
12409.43,14599,
12430.70,14599,
12441.40,14599,
12461.11,14599,
12471.98,14599,
12491.54,14599,
12502.28,14599,
12522.42,14599,
12543.15,14599,
12553.97,14599,
12564.71,14599,
12575.32,14599,
12595.74,14599,
12615.69,14599,
12626.98,14599,
12646.50,14599,
12665.90,14599,
12677.31,14599,
12697.20,14599,
12717.34,14599,
12737.38,14599,
12756.83,14599,
12778.39,14599,
12798.86,14599,
12809.80,14599,
12818.86,15016,
12972.14,15016,
13030.80,15016,
13093.28,15016,
13151.40,15016,
13295.45,15016,
13438.58,15016,
13497.34,15016,
13556.11,15016,
13709.70,15016,
13772.12,15016,
13925.87,15016,
13987.74,15016,
14130.96,15016,
14193.53,15016,
14251.59,15016,
14310.36,15016,
14453.66,15016,